16194615
1847864116
6740265
9967619
16160279
16526025
17122105
19876085
21519037
27813279
29688056
49728035
54586485
66099796
68233871
158352017
174316164
176057494
179473838
236609058
272497989
309133874
373062733
429679079
475177197
491299858
516814347
616168656
670604204
672711886
737755606
738573017
768267170
840611127
871223548
871499579
877767977
893247479
896732133
1035530024
1208068746
1371189590
1422554827
1423797386
1547377535
1554019422
1768045905
1772056125
1937647583
1976182309
2310418837
2364285569
2374351836
2442781670
2511796714
2530824525
2544541625
2603638584
2627905155
